index	no	github account
1	40831154	
2	40932134	
3	41023249	
4	41031136	
5	41036112	
6	41123236	
7	41123240	
8	41123247	
9	41124116	
10	41323101	
11	41323102	
12	41323103	
13	41323104	
14	41323105	
15	41323106	
16	41323107	
17	41323108	
18	41323109	
19	41323110	
20	41323111	
21	41323112	
22	41323113	
23	41323114	
24	41323115	
25	41323116	
26	41323117	
27	41323118	
28	41323119	
29	41323120	
30	41323121	
31	41323122	
32	41323123	
33	41323124	
34	41323125	
35	41323126	
36	41323127	
37	41323128	
38	41323129	
39	41323130	
40	41323131	
41	41323132	
42	41323133	
43	41323134	
44	41323135	
45	41323136	
46	41323137	
47	41323138	
48	41323139	
49	41323140	
50	41323141	
51	41323142	
52	41323143	
53	41323144	
54	41323145	
55	41323146	
56	41323147	
57	41323148	
58	41323149	
59	41323150	
60	41323151	
61	41323152	
62	41323153	
