index	no	github account
1	40823932	
2	41023137	
3	41071205	
4	41123144	
5	41123215	
6	41123242	
7	41323201	
8	41323202	
9	41323203	
10	41323204	
11	41323205	
12	41323207	
13	41323208	
14	41323209	
15	41323210	
16	41323211	
17	41323212	
18	41323213	
19	41323214	
20	41323215	
21	41323216	
22	41323217	
23	41323218	
24	41323219	
25	41323220	
26	41323221	
27	41323222	
28	41323223	
29	41323224	
30	41323225	
31	41323226	
32	41323227	
33	41323228	
34	41323229	
35	41323230	
36	41323231	
37	41323232	
38	41323233	
39	41323234	
40	41323235	
41	41323236	
42	41323237	
43	41323238	
44	41323240	
45	41323241	
46	41323242	
47	41323243	
48	41323244	
49	41323245	
50	41323246	
51	41323247	
52	41323248	
53	41323249	
54	41323250	
55	41323251	
56	41323252	
