index	no	github account
1	40923219	
2	41023103	
3	41023105	
4	41023109	
5	41123155	
6	41223101	
7	41223102	
8	41223103	
9	41223104	
10	41223105	
11	41223106	
12	41223107	
13	41223110	
14	41223111	
15	41223112	
16	41223113	
17	41223114	
18	41223116	
19	41223117	
20	41223118	
21	41223119	
22	41223120	
23	41223121	
24	41223122	
25	41223123	
26	41223124	
27	41223125	
28	41223126	
29	41223129	
30	41223130	
31	41223131	
32	41223132	
33	41223133	
34	41223134	
35	41223136	
36	41223137	
37	41223138	
38	41223140	
39	41223141	
40	41223142	
41	41223143	
42	41223144	
43	41223145	
44	41223146	
45	41223147	
46	41223148	
47	41223149	
48	41223150	
49	41223152	
50	41223153	
51	41223154	
52	41223156	
53	41223157	
54	41223158	
55	41271125	
56	41271146	
57	41271158	
