index	no	github account
1	40923147	
2	41023128	
3	41023135	
4	41023137	
5	41023155	
6	41023243	
7	41223201	
8	41223202	
9	41223203	
10	41223205	
11	41223206	
12	41223207	
13	41223208	
14	41223209	
15	41223210	
16	41223211	
17	41223212	
18	41223214	
19	41223215	
20	41223216	
21	41223217	
22	41223218	
23	41223219	
24	41223220	
25	41223221	
26	41223222	
27	41223223	
28	41223224	
29	41223225	
30	41223226	
31	41223227	
32	41223228	
33	41223229	
34	41223230	
35	41223231	
36	41223232	
37	41223233	
38	41223234	
39	41223235	
40	41223236	
41	41223237	
42	41223238	
43	41223239	
44	41223240	
45	41223242	
46	41223243	
47	41223244	
48	41223245	
49	41223246	
50	41223247	
51	41223248	
52	41223249	
53	41223250	
54	41223251	
55	41223252	
56	41223253	
57	41271217	
58	41271237	
